0 7.707557891577727638e-01 4.572697104937606394e-01 3.418707900417053969e-01 1.283976080996296343e-02 6.729888157977813590e-01 9.417360978375346470e-01 9.956543661852047533e-01 1.451202769959419880e-01 8.168561579063587930e-01
4.952962184000331280e-02 0 7.706362016059548070e-01 6.475565577633140002e-01 5.317412085617279072e-02 6.152027267093164165e-01 6.996370373285738520e-01 7.992670502196507210e-01 4.229021283822667066e-01 3.454123982093528777e-01
3.580147594288329849e-02 2.819540898833827747e-01 0 6.801700411093913878e-02 8.250428274519481242e-01 9.102945320465872792e-01 4.304307308015712374e-01 4.278681789760128140e-01 5.570432339218299722e-01 4.516866878337404412e-01
3.576317952578933479e-02 4.434294289917029008e-01 4.172905166527316467e-01 0 2.031271589064643779e-01 5.898203348186302764e-01 4.313216214347305177e-01 8.124671185148683028e-01 6.483720576234848210e-01 1.481964738667113091e-01
5.716950017223445535e-01 7.922359306742343676e-03 5.689630188432618363e-01 8.370450272499118105e-01 0 3.430788712130056206e-01 2.387659194731217571e-01 5.187519842949819271e-01 5.502578751625214482e-01 1.554031671618462118e-01
8.949044781372623714e-01 2.219002846006595808e-01 1.241600103558733181e-01 2.420142394378004269e-01 9.446805908224306103e-01 0 6.234775051851210170e-01 6.897586196710311368e-01 3.434115907402136569e-01 4.437265726546993916e-01
6.915380948501657077e-01 3.417428424569451950e-01 1.580355245030934386e-01 5.551378515795084567e-01 1.055632531374929295e-01 2.922255458230825775e-01 0 4.526676973669983006e-01 9.153559707195525474e-01 8.338132920056758879e-01
8.753095181792078794e-01 9.369402686736539865e-01 6.184784031937510251e-01 6.618274349647167432e-01 5.568548593287062642e-01 7.453959759573510757e-01 7.512582877938722703e-02 0 2.117864912624378704e-02 9.509742329856896159e-01
3.902659197238120825e-01 2.088900198581217227e-01 9.236006672334781120e-01 7.146169784890915588e-01 4.042993024941538005e-01 1.893504336809392896e-02 8.122546443600646704e-01 8.037032618068653544e-01 0 3.868262753959611500e-01
6.814082824484879453e-02 7.423530260886265220e-01 9.913909837293004568e-01 2.669212355552996740e-02 9.811417171060647924e-01 1.885636878215237733e-01 7.580292173612971363e-01 5.022055975092925006e-01 5.406414370123017177e-01 0
